function df_dx_fcn = df_dx_fcn(in1)
%DF_DX_FCN
%    DF_DX_FCN = DF_DX_FCN(IN1)

%    This function was generated by the Symbolic Math Toolbox version 24.2.
%    17-Feb-2026 21:15:05

x3 = in1(3,:);
x4 = in1(4,:);
x5 = in1(5,:);
x6 = in1(6,:);
t2 = x3.^2;
t3 = x3.^3;
t4 = x3.*9.970229579e-1;
t5 = t3.*1.55558181001e-1;
t6 = t2.*4.5576294826e-1;
t7 = -t6;
t8 = t7+4.97e+2./5.0e+2;
mt1 = [0.0,0.0,0.0,0.0,0.0,0.0,0.0,0.0,0.0,0.0,0.0,0.0,x5.*(-9.970229579e-1)+t2.*x5.*4.66674543003e-1-x3.*x4.*9.1152589652e-1];
mt2 = [x4.*9.970229579e-1-t2.*x4.*4.66674543003e-1-x3.*x5.*9.1152589652e-1,0.0,t2.*4.57807726686-9.780795217];
mt3 = [x3.*8.94206904486,0.0,t8,t4-t5,0.0,0.0,-x6,0.0,-t4+t5,t8,0.0,x6,0.0,0.0,0.0,0.0,1.0,x5,-x4,0.0];
df_dx_fcn = reshape([mt1,mt2,mt3],6,6);
end
