function dW_dphi = dW_dphi(in1,in2)
%dW_dphi
%    dW_dphi = dW_dphi(IN1,IN2)

%    This function was generated by the Symbolic Math Toolbox version 24.2.
%    24-Feb-2026 11:14:46

a2 = in2(2,:);
x3 = in1(3,:);
x4 = in1(4,:);
t2 = a2.^2;
t3 = x3.^2;
t4 = x4.^2;
t5 = sqrt(4.97e+2);
t6 = 2.919640388815034e+2;
t9 = x3.*2.258106492833674e-1;
t10 = x3.*4.565601029349862e-1;
t11 = x3.*1.261703848864637e-1;
t12 = a2.*x3.*1.702101224939669e-4;
t13 = x4.*5.082882717139744e-2;
t14 = x3.*3.178043243667565e-2;
t15 = a2.*4.244000533568727e-2;
t16 = a2.*9.85578585249914e-3;
t17 = x3.*x4.*1.010937407810313e-3;
t18 = a2.*8.092307651482767e-3;
t19 = x4.*2.593626838272528e-2;
t20 = a2.*3.557785375814877e-2;
t21 = x4.*1.102642292637748e-2;
t22 = x4.*1.127062315994009e-2;
t23 = x3.*6.9640739684853e-2;
t24 = a2.*1.078015051164932e-2;
t25 = x3.*1.868539802433548e-2;
t26 = x4.*5.009817726281228e-2;
t27 = x3.*3.011566251286036e-2;
t29 = x4.*6.682680540838039e-3;
t30 = x4.*6.174201621240832e-3;
t31 = a2.*1.329739696739123e-2;
t33 = a2.*1.011423372509832e-2;
t42 = a2.*1.805197508660743e-4;
t44 = x3.*x4.*9.42827048624285e-4;
t46 = a2.*x4.*7.069923514536062e-5;
t47 = a2.*x4.*1.249292291593586e-4;
t49 = x3.*x4.*1.208856828284929e-4;
t50 = x3.*x4.*9.334716286169723e-4;
t51 = x3.*x4.*6.116373540970666e-4;
t53 = a2.*x4.*7.383977176123095e-5;
t55 = x3.*x4.*9.561085832038048e-4;
t56 = a2.*x3.*2.457465491199755e-4;
t57 = x3.*x4.*8.853951729857204e-4;
t61 = a2.*x4.*1.933993366664342e-5;
t63 = x3.*x4.*1.13037709867049e-4;
t65 = a2.*x3.*1.161979273840394e-4;
t66 = a2.*x4.*9.524893376696644e-5;
t67 = a2.*x3.*7.606363182247851e-5;
t70 = a2.*x3.*1.083624281691021e-4;
t74 = a2.*x4.*1.11127689051048e-5;
t77 = a2.*x3.*4.435920605090586e-5;
t82 = a2.*x3.*4.049289178686357e-6;
t93 = a2.*x4.*4.435682829652043e-6;
t7 = t5.*t6.*4.692467416679375e-5;
t28 = -t12;
t32 = -t17;
t34 = -t21;
t35 = -t22;
t36 = -t24;
t37 = -t27;
t38 = t4.*8.039095680245009e-4;
t39 = -t29;
t40 = t4.*9.591466362865713e-5;
t41 = -t31;
t43 = -t33;
t48 = t3.*5.027703523792245e-3;
t52 = t4.*7.693147826714512e-4;
t54 = -t44;
t58 = t2.*1.268631271933287e-4;
t59 = -t47;
t62 = -t49;
t64 = t2.*2.04423574460723e-4;
t68 = t2.*6.831769759420024e-4;
t69 = t2.*5.379116211784101e-4;
t71 = -t53;
t72 = t4.*1.781377373439793e-4;
t73 = t4.*4.383897290633812e-4;
t75 = t3.*3.07780567756355e-3;
t76 = -t56;
t78 = t4.*6.996257173126498e-5;
t80 = t2.*8.220190505959988e-6;
t81 = t3.*5.053375228146755e-4;
t84 = -t67;
t86 = t4.*1.267245331777069e-5;
t87 = t2.*8.764085773238784e-5;
t88 = t2.*2.18180863098341e-5;
t89 = t4.*1.907206675265763e-5;
t90 = t3.*2.71356021198452e-4;
t92 = t3.*4.385677827518492e-4;
t94 = -t77;
t96 = t3.*6.91471929887329e-5;
t97 = t2.*2.372304260923019e-6;
t98 = t3.*2.708045648065819e-4;
t100 = -t82;
t104 = -t93;
t106 = t3.*4.067976330331493e-5;
t109 = t11+t26+t61+t65;
t8 = -t7;
t45 = -t38;
t60 = -t48;
t79 = -t58;
t83 = -t64;
t85 = -t68;
t91 = -t72;
t95 = -t78;
t99 = -t80;
t101 = -t86;
t102 = -t87;
t103 = -t92;
t105 = -t97;
t107 = t14+t19+t28+t71;
t108 = t9+t34+t46+t70;
t110 = t13+t23+t66+t94;
t111 = t10+t30+t59+t76;
t112 = t25+t39+t74+t84;
t113 = t35+t37+t100+t104;
t114 = t8+t36+t50+t52+t69+t75;
t115 = t16+t45+t57+t60+t85+4.858534333051381e-1;
t116 = t15+t32+t81+t91+t102-6.090152253231756e-2;
t117 = t40+t43+t55+t99+t103-5.540218584671919e-2;
t118 = t18+t54+t89+t96+t105+8.551468805178595e-3;
t119 = t42+t51+t88+t90+t95-8.248418154362818e-3;
t120 = t41+t62+t73+t83+t98+3.716711799390478e-3;
t121 = t20+t63+t79+t101+t106-6.473134826499023e-2;
mt1 = [x3.*(-3.357495435236451e-3)+x4.*1.069733802630491e-3+a2.*x3.*2.202601738461349e-5-a2.*x4.*6.375693735016247e-5,t120,t112,t111,t115,t109,t120];
mt2 = [x3.*1.576234505427796e-1-x4.*3.091968886709827e-2-a2.*x3.*2.837704690775338e-4+a2.*x4.*7.664122595186826e-5,t119,t114,t108,t116,t112,t119];
mt3 = [x3.*(-6.731859386627998e-3)-x4.*1.376962152982318e-3+a2.*x3.*1.695921313320143e-6-a2.*x4.*1.599057495454363e-6,t113,t118,t107,t111,t114,t113];
mt4 = [x3.*(-9.26892265116168e-2)-x4.*1.223600494023695e-1+a2.*x3.*4.192011551226186e-5-a2.*x4.*8.065095000816526e-6,t117,t110,t115,t108,t118,t117];
mt5 = [x3.*(-1.380087079147582e-1)+x4.*3.215431141542541e-2+a2.*x3.*1.551675066096376e-5-a2.*x4.*8.045210736273292e-6,t121,t109,t116,t107,t110,t121];
mt6 = [x3.*(-1.20956227323518e-1)+x4.*2.587178430193088e-2-a2.*x3.*1.64747708276353e-5+a2.*x4.*3.793813486942029e-6];
dW_dphi = reshape([mt1,mt2,mt3,mt4,mt5,mt6],6,6);
end
