function dW_da1 = dW_da1(in1,in2)
%dW_da1
%    dW_da1 = dW_da1(IN1,IN2)

%    This function was generated by the Symbolic Math Toolbox version 24.2.
%    23-Feb-2026 21:37:36

mt1 = [0.0,0.0,0.0,0.0,1.556945175720719e-10,0.0,0.0,0.0,0.0,0.0,0.0,-8.105853386492343e-10,0.0,0.0,0.0,0.0,2.708350162078072e-10,0.0,0.0,0.0,0.0,0.0,1.966025119102769e-10,0.0];
mt2 = [1.556945175720719e-10,0.0,2.708350162078072e-10,1.966025119102769e-10,0.0,7.665052064578621e-6,0.0];
mt3 = [-8.105853386492343e-10,0.0,0.0,7.665052064578621e-6,0.0];
dW_da1 = reshape([mt1,mt2,mt3],6,6);
end
