function dW_dphi = dW_dphi(in1,in2)
%dW_dphi
%    dW_dphi = dW_dphi(IN1,IN2)

%    This function was generated by the Symbolic Math Toolbox version 24.2.
%    23-Feb-2026 21:37:36

mt1 = [0.0,0.0,0.0,0.0,-1.046224964120104e-9,0.0,0.0,0.0,0.0,0.0,0.0,-7.690352884051882e-10,0.0,0.0,0.0,0.0,0.0,0.0,0.0,0.0,0.0,0.0,1.754163980432938e-9,0.0,-1.046224964120104e-9,0.0,0.0];
mt2 = [1.754163980432938e-9,0.0,2.999215154112381e-6,0.0,-7.690352884051882e-10,0.0,0.0,2.999215154112381e-6,0.0];
dW_dphi = reshape([mt1,mt2],6,6);
end
