function dW_dvx = dW_dvx(in1,in2)
%dW_dvx
%    dW_dvx = dW_dvx(IN1,IN2)

%    This function was generated by the Symbolic Math Toolbox version 24.2.
%    23-Feb-2026 21:37:36

mt1 = [0.0,0.0,0.0,0.0,1.383320165218216e-10,0.0,0.0,0.0,0.0,0.0,0.0,-3.307343515561111e-10,0.0,0.0,0.0,0.0,3.977847396856612e-10,0.0,0.0,0.0,0.0,0.0,8.239984398814238e-10,0.0];
mt2 = [1.383320165218216e-10,0.0,3.977847396856612e-10,8.239984398814238e-10,0.0,-2.622920513021518e-6,0.0];
mt3 = [-3.307343515561111e-10,0.0,0.0,-2.622920513021518e-6,0.0];
dW_dvx = reshape([mt1,mt2,mt3],6,6);
end
