function W_fcn = W_fcn(in1,in2)
%W_fcn
%    W_fcn = W_fcn(IN1,IN2)

%    This function was generated by the Symbolic Math Toolbox version 24.2.
%    23-Feb-2026 21:37:35

a1 = in2(1,:);
x3 = in1(3,:);
x4 = in1(4,:);
t2 = a1.*7.66505206458e-6;
t3 = x4.*2.62292051302e-6;
t4 = x3.*2.99921515411e-6;
t6 = x3.*1.75416398043e-9;
t7 = a1.*2.70835016208e-10;
t8 = x3.*1.04622496412e-9;
t9 = x4.*3.97784739686e-10;
t10 = x3.*7.69035288405e-10;
t11 = x4.*8.23998439881e-10;
t12 = a1.*1.55694517572e-10;
t13 = a1.*8.10585338649e-10;
t14 = a1.*1.9660251191e-10;
t15 = x4.*1.38332016522e-10;
t16 = x4.*3.30734351556e-10;
t5 = -t3;
t17 = -t8;
t18 = -t10;
t19 = -t13;
t20 = -t16;
t21 = t7+t9;
t23 = t6+t11+t14;
t22 = t2+t4+t5;
t24 = t12+t15+t17;
t25 = t18+t19+t20;
mt1 = [0.0,0.0,0.0,0.0,t24,-3.77316298186e-10,0.0,0.0,0.0,0.0,-2.69524684551e-9,t25,0.0,0.0,0.0,0.0,t21,-4.01370762557e-9,0.0,0.0,0.0,0.0,t23,-3.28984593056e-9,t24];
mt2 = [-2.69524684551e-9,t21,t23,1.49851756754e-2,t22,-3.77316298186e-10,t25,-4.01370762557e-9];
mt3 = [-3.28984593056e-9,t22,1.4756548684e-2];
W_fcn = reshape([mt1,mt2,mt3],6,6);
end
